1 36 16 
2 48 97 
3 116 61 
4 158 115 
5 192 29 
6 69 188 
7 236 193 
8 251 92 
9 154 186 
10 75 316 
11 256 319 
12 146 268 
13 339 35 
14 341 261 
15 336 158 
16 450 337 
17 370 391 
18 174 372 
19 67 475 
20 243 483 
21 384 493 
22 414 595 
23 139 594 
24 275 649 
25 62 680 
26 437 675 
27 488 582 
28 562 675 
29 486 466 
30 495 322 
31 386 228 
32 420 99 
33 477 231 
34 566 53 
35 575 160 
36 671 36 
37 806 46 
38 813 98 
39 689 106 
40 707 243 
41 847 308 
42 799 185 
43 608 257 
44 746 326 
45 632 343 
46 658 464 
47 690 387 
48 805 390 
49 790 454 
50 722 534 
51 585 513 
52 646 585 
53 670 656 
54 769 676 
55 750 602 
56 810 551 
57 956 350 
58 890 226 
59 924 675 
60 901 443 
61 925 566 
62 1063 503 
63 986 248 
64 887 145 
65 946 68 
66 969 176 
67 1027 59 
68 1030 152 
69 1108 65 
70 1233 58 
71 1119 105 
72 1246 150 
73 1113 244 
74 1173 165 
75 1039 204 
76 1036 323 
77 1241 283 
78 1189 405 
79 1130 349 
80 1038 404 
